-1.60935
-1.6104
-1.60805
-1.60313
-1.60972
-1.60351
-1.60454
-1.61029
-1.6052
-1.60464
-0.549732
-1.60635
-0.555282
-0.532237
-2.40227
-2.40838
-2.40265
-2.37808
-2.3856
-2.36873
-2.28926
-2.35877
-2.32058
-2.28788
-2.35552
-2.31882
-2.40075
-2.40524
-2.40175
-2.40485
-2.37855
-2.37952
-2.39031
-2.37675
-2.33254
-2.32602
-2.29597
-2.34985
-2.31868
-2.3902
-2.38631
-2.3907
-2.36778
-2.29072
-2.3662
-2.3153
-2.28712
-2.35669
-2.32297
-2.40353
-2.4018
-2.41719
-2.40082
-2.39325
-2.38225
-2.38953
-2.37534
-2.29165
-2.35563
-2.31917
-2.28682
-2.35336
-2.31552
-2.39914
-2.36768
-2.39396
-2.3687
-2.29458
-2.34643
-2.30946
-2.3346
-2.30356
-2.40966
-2.40563
-2.39044
-2.37624
-2.40002
-2.37257
-2.3355
-2.30215
-2.34338
-2.29955
-2.33335
-2.11964
-2.10494
-2.26934
-2.24878
-2.20505
-2.11818
-2.11973
-2.11016
-2.11309
-1.93819
-1.96232
-1.94685
-1.93935
-1.93546
-1.94904
-2.26919
-2.21498
-2.26873
-2.21049
-2.26774
-2.21644
-2.27587
-2.21461
-2.11272
-2.11588
-2.10531
-2.08962
-1.93292
-1.9637
-2.23023
-2.18699
-2.28291
-2.20799
-2.28516
-2.18886
-2.28422
-2.19368
-2.28175
-2.26918
-0.516803
-0.452665
-0.515437
-0.450947
-0.374888
-0.289315
-0.372541
-0.291816
-0.20664
-0.101295
-0.190846
-0.0923923
-0.519698
-0.515674
-0.451479
-0.513421
-0.449966
-0.515829
-0.452788
-0.516118
-0.500754
-0.352635
-0.203599
-0.235425
-0.110066
-0.370693
-0.290968
-0.37556
-0.288063
-0.195822
-0.0860022
-0.206867
-0.0887551
-0.37428
-0.288246
-0.370313
-0.302254
-0.188779
-0.0869242
-0.189797
-0.0859068
0.0487927
0.194396
0.0697345
0.193446
0.34107
0.485593
0.320382
0.446919
0.664709
0.740425
0.538832
0.680779
0.544163
0.679452
0.806726
1.02346
0.814024
0.922207
0.358166
0.0489693
0.1928
0.0487896
0.194192
0.345175
0.371025
0.341491
0.401211
0.0490063
0.185776
0.0487237
0.194514
0.319112
0.490726
0.343442
0.377024
0.926611
0.806328
0.509812
0.784315
0.524709
0.797872
0.80459
1.00127
0.801964
0.932102
0.514611
0.679538
0.523383
0.694763
0.822513
1.02089
0.812476
1.01237
-0.486679
-0.510607
-0.471895
-0.526725
-0.458485
-0.485576
-0.455449
-0.512751
-0.450801
-0.271892
-0.221939
-0.37665
-0.290106
-0.372287
-0.305219
-0.224258
-0.0870998
-0.213832
-0.0882161
-0.387636
-0.290435
-0.385052
-0.310535
-0.18687
-0.0714225
-0.255719
-0.0931432
-0.508086
-0.454809
-0.499808
-0.469812
-0.514431
-0.457983
-0.526833
-0.471495
-0.397991
-0.364488
-0.41509
-0.359864
-0.275611
-0.103329
-0.194587
-0.10145
-0.370804
-0.314033
-0.377781
-0.199628
-0.0903682
-0.181379
-0.0887959
0.290265
0.0485824
0.195678
0.0486778
0.18686
0.27529
0.366327
0.323554
0.450408
-0.063565
0.187412
0.0421595
0.185735
0.338628
0.496189
0.337929
0.455548
0.992575
0.517635
0.692328
0.610217
0.664034
0.808965
1.02004
0.886925
1.02399
0.56702
0.665016
0.552866
0.66894
0.797644
0.940291
0.801557
1.02523
0.27908
0.177762
0.0356853
0.148704
0.00194286
0.188376
0.229054
0.348992
0.251157
0.349747
0.0388205
0.19084
0.033368
0.176104
0.320533
0.495379
0.323596
0.378016
0.64624
0.531899
0.669458
0.505489
0.659768
0.798435
0.938578
0.809171
0.947267
0.525133
0.674634
0.526539
0.683997
0.823022
1.02415
0.809734
1.03072
-0.506475
-0.469035
-0.520429
-0.44013
-0.455109
-0.48106
-0.44705
-0.198718
-0.365424
-0.395389
-0.308108
-0.383545
-0.346058
-0.202499
-0.0869882
-0.267926
-0.0853122
-0.391028
-0.325467
-0.411737
-0.211356
-0.192268
-0.264658
-0.087677
0.0246245
0.190686
0.0150248
0.232372
0.476442
0.250251
0.502606
0.0245017
0.190884
0.0721613
0.496396
0.250616
0.495606
0.951573
0.640537
0.656245
0.508628
0.688731
0.909069
0.984678
0.843537
0.933857
0.594772
0.717491
0.696443
0.898721
0.85417
0.955772
1.29727
1.25589
1.05387
1.13121
1.02935
1.14606
1.22476
1.28721
1.22736
1.29396
1.37663
1.37656
1.4098
1.3423
1.41127
1.4443
1.43972
1.19585
1.25089
1.19151
1.24777
1.06804
1.12447
1.07699
1.15342
1.21176
1.2894
1.23488
1.29099
1.05496
1.14436
1.09098
1.15862
1.22738
1.30421
1.22359
1.29374
1.46068
1.44084
1.3732
1.41409
1.34513
1.41521
1.43862
1.43881
1.36143
1.40451
1.37859
1.38022
1.44737
1.4436
1.32702
1.08741
1.14185
1.06365
1.16119
1.2253
1.30052
1.24251
1.30297
1.08239
1.15811
1.10006
1.13653
1.22235
1.32459
1.22121
1.29353
1.36834
1.41613
1.34935
1.41039
1.44702
1.4497
1.38075
1.40484
1.37889
1.40829
1.42065
1.44587
1.25309
1.04912
1.13316
1.03663
1.13889
1.26955
1.2822
1.21785
1.3194
1.03929
1.19136
1.12644
1.19643
1.28132
1.31006
1.22826
1.30104
1.4371
1.35333
1.43768
1.36272
1.39681
1.44408
1.42725
1.34904
1.39157
1.3596
1.43016
1.44797
1.45648
1.03215
1.19936
1.0304
1.16327
1.27397
1.28159
1.24237
1.31686
1.03767
1.05667
1.14123
1.2609
1.2862
1.34486
1.41497
1.35003
1.40853
1.45364
1.44767
1.36063
1.39984
1.4364
